<?xml version="1.0"?>
<opencv_storage>
<Distortion type_id="opencv-matrix">
  <rows>5</rows>
  <cols>1</cols>
  <dt>f</dt>
  <data>
    -3.98179919e-001 1.98457286e-001 9.51136288e-004 -1.49674725e-003
    -5.59822172e-002</data></Distortion>
</opencv_storage>
